,iter0,iter1,iter2,iter3,iter4,iter5,iter6,iter7,iter8,iter9,iter10,iter11,iter12,iter13,iter14,iter15,iter16,iter17,iter18,iter19,iter20,iter21,iter22,iter23,iter24
A,0.0271751389751,0.0201943011671,-0.00472378905183,0.0104618323437,0.00373216094289,-0.00724095546195,0.00169401491404,-0.0057515596938,-0.00317436977099,0.0122926583808,0.00602498690456,0.00422659294159,0.00798849762249,0.00486687796667,0.0122546115572,0.00144483513595,-0.00786376176167,0.0129334799529,0.0029930789475,0.0181316987208,0.00366406133894,0.00988733909214,-0.00129222959146,-0.00478760272338,0.00223162543964
C,-0.00547899107874,-0.00677803754597,-0.00823980878733,-0.00702847662434,-0.00599220181238,-0.00878509060523,-0.00752385508111,-0.0064241719686,-0.0090903974124,-0.00678676171234,-0.00527024362048,-0.00518537054469,-0.00828312308411,-0.00981111253448,-0.00591708307082,-0.00646704064635,-0.00827303241066,-0.00719144728371,-0.00872441666643,-0.00905491415825,-0.00635804508097,-0.00838454154703,-0.00833763731289,-0.00769511333211,-0.00594161677111
D,-0.0218795387404,-0.0217854320318,-0.0215485555673,-0.0198870459201,-0.0234999034765,-0.025872242461,-0.0195225885891,-0.0176183720941,-0.0222411517553,-0.0225235394693,-0.018239802754,-0.0195833519274,-0.021073699147,-0.0246778955641,-0.0172358357124,-0.0218830832913,-0.0193650583526,-0.0213332324555,-0.0208326085092,-0.0237208471497,-0.0187284570265,-0.0237791336303,-0.0217289586582,-0.0215273428826,-0.0199282168463
E,0.0147630663182,0.0030732227207,0.0123832104491,0.0182460272251,0.0133189219001,0.0119755079657,0.0179375506149,0.0180808975552,0.0077905230009,0.0116065563493,0.0180884515763,0.0148160572018,0.0137038761068,0.0149580745032,0.0086140742061,0.014808266656,0.0090274171532,0.0180701388644,0.0168210461021,0.00818769941875,0.0135000035088,0.0125908116703,0.0124530551008,0.0124921672339,0.0123996971335
F,-0.00609729688612,-0.00571921685926,-0.00196688387443,-0.00338914845095,-0.00158332288768,-0.00208373709706,-0.00122864415717,-0.000587888013639,0.00158481119731,-0.0038447045422,-0.0022686056934,-0.000773086128318,-0.00374672099926,0.00129287556333,-0.00529527273129,-0.00414608615255,0.00126482178661,-0.00369205343218,-0.000520321032883,-0.00309903820021,-0.00434227541769,-7.97368620344e-05,-0.000404455317056,0.000770856552258,-0.00319512182106
G,0.00396497779941,0.000323872718332,-0.00295639923786,0.00414985498581,-0.00649737848746,-0.00728025840321,-0.00281544796962,-0.00612737678209,-0.00516176033589,0.00106679123242,0.00331478297486,-0.00413028151631,0.00216030753208,0.000124970129803,0.00201107961301,-0.00014529627634,-0.00730601896687,0.00455016383213,-0.000873228142621,0.00470758628438,-0.00199523852461,-0.00059553302226,-0.00461054035081,-0.00563654413402,-0.00054714035087
H,-0.00342683731857,-0.00456087328915,-0.00470405979043,-0.00429279867501,-0.0043144724089,-0.00538187231634,-0.00429329312007,-0.00486531095913,-0.0056709349552,-0.0033011782428,-0.00308386771867,-0.00588819718291,-0.00254420312724,-0.00605790169804,-0.00440437146829,-0.00306115431608,-0.0049793116532,-0.00264159080079,-0.00500259510046,-0.00411019609974,-0.00408983747941,-0.00467401601721,-0.00509725586869,-0.00548963597469,-0.00510883693302
I,-0.0277159372232,-0.0151370534387,0.00201666579083,-0.0151851301082,-0.000991574239791,0.00910281558004,-0.00464607354885,0.000916431117027,-0.00110251291633,-0.0118358786938,-0.00651146120144,-0.00343147638189,-0.00609206780565,-0.0143761099289,-0.0146776812433,-0.00230844383063,0.0106326748216,-0.0178766558183,-0.0051332905297,-0.0196359895104,-0.00300897164269,-0.00932324907679,0.00401931158856,0.00422034057499,-0.00148733764173
K,-0.0129710282384,-0.00151590746892,0.00928762093859,-0.00321731307555,0.00781013960168,0.0180208581876,0.00611818958677,0.0201353955803,0.0141052560444,-0.00384934813216,0.00379961768348,0.0119608751577,-0.000537070680257,0.00642951744248,-0.0012471084036,0.00544236151454,0.0187348520058,-0.00504689360755,0.0124086216203,-0.00753806613637,-0.00455265846971,0.00439176881597,0.0100636755363,0.0205474708579,0.00512092643213
L,0.0296702336672,0.0274383905653,0.0255964587393,0.0265006596727,0.0282401378606,0.0290198632994,0.0253799886083,0.0233755988118,0.0226845064587,0.0263087416627,0.0223507664564,0.023079401755,0.0260490877191,0.0295272073253,0.0246301902747,0.0256069290014,0.0241684963882,0.0264628510007,0.0253509886903,0.0268897249878,0.0254241693939,0.0259260728399,0.0240281425549,0.0229368032897,0.0247208103134
M,-0.00899696395247,-0.010833390711,-0.00874558720585,-0.00650625808195,-0.00853243214036,-0.0114723189699,-0.00847921105169,-0.0089433112198,-0.011329844032,-0.00756399889546,-0.00800269561252,-0.00869632959107,-0.00719398110561,-0.00888288326377,-0.00691114301703,-0.00646235880793,-0.00796590963093,-0.00980271553839,-0.00777289983637,-0.00911029264111,-0.00844517739285,-0.00959126427373,-0.00897065334078,-0.00825446879271,-0.00786567435252
N,-0.0402716151836,-0.024341573999,-0.0131467931643,-0.0286259023571,-0.0194213598452,-0.0106925686232,-0.0165785547874,-0.0133182626831,-0.012347466628,-0.022152170965,-0.0203511756861,-0.0174719982224,-0.0241870657447,-0.0210760154906,-0.0239757204035,-0.0233375430694,-0.0115984897826,-0.0310492371368,-0.0180024824111,-0.0286921852742,-0.0184228720992,-0.0182568938646,-0.0129575513111,-0.0134315601358,-0.016215859572
P,0.0141551211588,0.0101179297391,0.00591555370748,0.00921686265944,0.0060427034717,0.00510912708551,0.00375585980166,0.00204087866945,0.0055642036556,0.00771553335779,0.00893579317294,0.00501570372125,0.0102541102264,0.00742474387537,0.00915676760065,0.00746288884042,0.00302345734591,0.0128386021857,0.00669191228272,0.013424782376,0.00668542838258,0.00686134591296,0.00401399035394,0.00451333100329,0.00472440298478
Q,-0.00767207554835,-0.0115039501476,-0.0131556727339,-0.0146761303532,-0.0109164834829,-0.0150564337239,-0.0115845646883,-0.0136077267614,-0.00946994747358,-0.0124478749697,-0.0148282843604,-0.014169843792,-0.0130286349301,-0.0118445102986,-0.0125278730342,-0.0132276760734,-0.0120791648152,-0.0130753443421,-0.0154468100794,-0.0105478489164,-0.0132849384695,-0.0140509030265,-0.0112572129836,-0.0124389554706,-0.0137751000154
R,0.0377397061027,0.030592819732,0.018829650504,0.0317464766686,0.021264821997,0.0145779115132,0.0204887840091,0.0149820196871,0.0145974145721,0.0293446294036,0.0257713339145,0.0188168452953,0.0280780366508,0.0238594521305,0.0253110728821,0.0235051207673,0.0114509240323,0.0352024689137,0.0198583203724,0.0345691011853,0.0276997136251,0.0229812338605,0.0183907271259,0.013720835787,0.0200358751987
S,-0.0270994018416,-0.02299310654,-0.0201314459397,-0.0161372945147,-0.0216482023474,-0.0129336458141,-0.0184159748803,-0.0232274401171,-0.0112786326169,-0.0206801018425,-0.0279750762649,-0.0181233401184,-0.0229307228068,-0.017560621199,-0.0131295962055,-0.0143789146496,-0.012880732041,-0.0237202778685,-0.0186811162846,-0.0196037826555,-0.0187001238989,-0.0243368197305,-0.0168604782572,-0.0173307874368,-0.0180894385076
T,-0.0127225769788,-0.0155037609853,-0.0147497561454,-0.0224675423978,-0.0147504035546,-0.0182915607734,-0.0164029113296,-0.0172138637964,-0.0158364567413,-0.0166864218389,-0.0160445536518,-0.0220002018764,-0.0177324995072,-0.0167444686191,-0.019549290842,-0.0168782938945,-0.0185534535041,-0.016191623941,-0.0210960723326,-0.0162600724217,-0.0153041611103,-0.0173987274225,-0.0195839541278,-0.0173049488669,-0.0164004208019
V,0.0375964291337,0.0326765281493,0.0208276236955,0.0269879076518,0.0238063173623,0.0177312633212,0.0216990031161,0.0224976451505,0.0208993558716,0.028536145957,0.0212596111117,0.0235263477467,0.0228898053029,0.0273330529685,0.0262780266116,0.0184561305746,0.0146467152561,0.0294309390517,0.0201201743311,0.0297776958755,0.0244446702304,0.0291273891155,0.0165946814371,0.0180909994985,0.0232717531845
W,0.00781841088454,0.00628603780975,0.00473179457524,0.00580079423338,0.00525628404927,0.00398661239113,0.00497675584456,0.0040928667951,0.0047097646593,0.00544428355889,0.00409419708438,0.00475327118532,0.00520722915185,0.00637918133145,0.00553413763089,0.00462635460715,0.00384596748461,0.00582992857526,0.00546284007899,0.00680301497833,0.00485274642039,0.00605608317071,0.00482078678835,0.00393480725982,0.00420151036947
Y,0.00148170221955,0.00999914181202,0.0144979147861,0.00830305555767,0.00872202723623,0.0155708030236,0.0094638055053,0.0115857681877,0.0147727081421,0.00938220362174,0.00892862591486,0.0132796339534,0.0110214298846,0.00886373269408,0.01108294355,0.0109430935114,0.0140686233872,0.00629871432388,0.0123823139911,0.00888542760845,0.0109814011601,0.0126719282065,0.0167199409445,0.0126658736107,0.0118672659756
