,iter0,iter1,iter2,iter3,iter4,iter5,iter6,iter7,iter8,iter9,iter10,iter11,iter12,iter13,iter14,iter15,iter16,iter17,iter18,iter19,iter20,iter21,iter22,iter23,iter24
A,-0.0591751395707,-0.0727445412759,-0.060042947118,-0.0449628459238,-0.0692494313002,-0.0578364164922,-0.0636857312751,-0.0579131665499,-0.0535741434327,-0.0407583534065,-0.0560334009871,-0.0422121273616,-0.0340263902193,-0.0492371907328,-0.0680237807161,-0.0485949964642,-0.0449963854368,-0.0605487820652,-0.0625899194672,-0.0527220377283,-0.0652192435924,-0.0527101111074,-0.0346681569558,-0.040214187848,-0.0496596229473
C,-0.000679894499085,-0.000645626487383,-0.000403517310506,-4.94852997647e-05,-0.0019800238151,0.000819406278836,0.00146566310095,0.00046276149993,0.000921162660451,0.000498394389015,0.00339540382223,-0.00115477547833,-0.00082470103657,-0.00125753198345,-4.9980417646e-05,-0.00194835838016,0.000547655747684,0.000840466871796,0.00205054560524,-0.000268860762616,0.00056203287657,-9.93730150671e-05,-4.00742278018e-05,0.000797082497653,-0.00165227591705
D,-0.015222036058,-0.0135792207014,-0.0154832652334,-0.0169974481628,-0.017189217954,-0.011222452911,-0.0154907116412,-0.0144752145354,-0.017721122552,-0.0133935774198,-0.0155458442895,-0.0157686442148,-0.0187307439852,-0.0101028140919,-0.0123568071101,-0.0125938317294,-0.0190196533172,-0.0144800084898,-0.0115826212283,-0.0143423632957,-0.0172077441294,-0.0154546163497,-0.0124511872815,-0.0174922449782,-0.0134912129544
E,0.0428357140451,0.0433450078885,0.0419040197179,0.0366006972295,0.0489003683654,0.0363039509966,0.0399669000559,0.0394765780777,0.0354672004701,0.0363903140687,0.0420412133309,0.0382186203859,0.0414663623042,0.0387456744963,0.040269577161,0.0348252345877,0.0415166087272,0.0433096395632,0.0418954603467,0.0380869255177,0.0465621325998,0.039811930473,0.0359866600983,0.0366375679113,0.0431497116682
F,0.0110670809263,0.0151617899895,0.0156260637207,0.00906886524478,0.0189086949194,0.0123114166612,0.0130160232515,0.0111748633052,0.00988004641963,0.00893546799658,0.00864419134174,0.00865573031427,0.00801176421765,0.00934857080016,0.0163889789601,0.0106315383755,0.00962287172033,0.0118910212696,0.0145850205045,0.0110694406979,0.0127173518308,0.0130391418092,0.00787909677219,0.0114272683648,0.00996626162657
G,-0.00912812477724,-0.014791428788,-0.0144569645124,-0.00486446983212,-0.0125350905827,-0.016130805211,-0.0161092999484,-0.00992134670102,-0.0139193514593,-0.00657613894465,-0.00882627722914,-0.00377772234133,0.00207537280824,-0.00892870057792,-0.0176471881677,-0.00863383457035,-0.00505841895835,-0.00906808579247,-0.014032307795,-0.00841292556853,-0.0123398054954,-0.0108524157258,-0.00799260665947,-0.0037612680599,-0.00714690247661
H,-0.00865214845303,-0.0101483557142,-0.00955978550081,-0.00949925859128,-0.0104840891396,-0.00900803679729,-0.00936803530606,-0.0102034658173,-0.00896750008861,-0.00692544430357,-0.00692250861204,-0.00867360343001,-0.0095092385758,-0.00925666821066,-0.00898002810924,-0.00992790680241,-0.010458289378,-0.0100223261998,-0.0117798297913,-0.0103649933062,-0.00983346293374,-0.00824464394445,-0.00539554734524,-0.00839565043612,-0.00717116311349
I,0.0292673872814,0.0423874462908,0.0304201445617,0.0218704306522,0.0294432639639,0.0399721525037,0.0401383402492,0.0305785649419,0.025566157635,0.025658191915,0.0223677382089,0.0244867316704,0.0138568639711,0.0303757581412,0.0396849437756,0.0310552686627,0.0273410148814,0.0344699742649,0.0372961777785,0.0352540126823,0.0319103680967,0.0265758742892,0.0178434858362,0.0213258159773,0.0271608744886
K,0.053604489981,0.0577970047487,0.0566907011016,0.0393075422906,0.0625877965562,0.0567902127098,0.0631327527417,0.0535934979294,0.0414263098882,0.0384446124576,0.042479422867,0.0388318554484,0.0377104828702,0.0469482906786,0.0646990036946,0.0511182621007,0.0503720662401,0.053476173449,0.0604094943442,0.0586698032046,0.0557074890818,0.054472280751,0.0322355354581,0.0448229137219,0.0420295321572
L,0.000746790590036,0.000328817091701,-0.0023533197331,0.00802074807931,0.00738115062163,-0.00967890867687,-0.00127032285336,-0.00332117717777,0.00963442579267,0.0011003025739,0.00826113760161,0.00257421565461,0.0106503477435,0.00305688237528,-0.00248754062044,-0.00221517075467,0.00761885842863,-0.0046431183641,-0.00325790555712,0.000579316234965,0.00568690144544,0.000892650505765,-0.000260393501511,0.00580263279763,0.000211587992209
M,-9.78443801803e-06,-0.00416389039465,-0.00423531069483,-0.00686857900457,-0.00491799940238,-0.00196995469029,-0.00314476350835,-0.00277839996584,-0.00390301267435,-0.000888084427369,0.000712478255286,-0.00549459948342,-0.00653674419807,-0.00483521847595,-0.00298189537035,-0.00453881274742,-0.00544536861359,-0.00151459291891,-0.00371099435104,-0.00352258561449,-0.00276180275466,-0.00364040205204,-0.00185187048974,-0.00500408787809,-0.000640329596544
N,-0.00128617657346,0.0106267943085,0.00577737664397,-0.00420479237918,0.00359805775842,0.00768269008797,0.00410826161433,0.00811309818552,0.00232068220532,-0.00545166951777,-0.00494367839396,-0.00242486972037,-0.0122699568756,-0.00237142601944,0.00749142175567,0.00385170382797,-0.00480861725959,0.00136832614111,0.00410426099054,0.0015466549202,0.000642637688205,0.00157172624038,-0.00594676118744,-0.00491085163606,-0.000578734998457
P,-0.00906329604932,-0.0103880852907,-0.00846643549728,0.000611168052771,-0.00619548941466,-0.0110147475296,-0.00947140783448,-0.00812241813949,-0.00291218702305,-0.00443791910494,-0.00521737757227,-0.00111472011437,0.0040764006555,-0.00312893665614,-0.0111433517389,-0.0044023376972,-0.00209395606819,-0.006765165619,-0.0108592922917,-0.00661244839671,-0.00683999679295,-0.00442837156089,-0.00197488014764,-0.000963225401337,-0.00635620095031
Q,-0.0232673461517,-0.0245937683798,-0.0237940987215,-0.0216045327075,-0.0242755499588,-0.0191296389735,-0.0189530966857,-0.0226882094454,-0.0129332440551,-0.0189284122112,-0.0159807861631,-0.023047201541,-0.0265876662691,-0.0250279193677,-0.0225892029151,-0.0223818194325,-0.0244068053133,-0.023725898722,-0.0248716121736,-0.0261489243408,-0.0237870307966,-0.0222164167832,-0.0164699493244,-0.0214555843069,-0.0239753866203
R,-0.00662731492903,-0.0083828401421,-0.00616460845055,0.00667176884526,-0.0108165307266,-0.011522504353,-0.0138616032665,-0.00520420394836,0.000791846402519,-0.000325484373424,-0.00112765015999,0.00798772378133,0.0107963080912,-0.000964552029703,-0.0120422936327,-0.00404205517837,4.43275847413e-05,-0.00072326206585,-0.00528560348111,-0.00518390010873,-0.00374781547524,-0.00661192886399,0.00782196883522,0.003109896954,-0.000892715873429
S,-0.0162591507896,-0.0129664230622,-0.0167427247087,-0.0203711813487,-0.0177341695327,-0.0144619754814,-0.0141762535158,-0.0150002820818,-0.0167274113627,-0.0197538910581,-0.0158824995814,-0.021039357664,-0.0220954870363,-0.0210699504433,-0.0154854379815,-0.0174375125248,-0.0210014327121,-0.0191342660033,-0.014373066087,-0.0196187042473,-0.0177136400081,-0.0173491269017,-0.021794332015,-0.0206167067152,-0.017612178752
T,-0.0184456402337,-0.0195140859068,-0.0158396107801,-0.0178129312796,-0.0208679975774,-0.0154909474676,-0.0194562079096,-0.0182640260921,-0.018695890181,-0.017335100057,-0.0219374254809,-0.0188617316926,-0.0225433365801,-0.0188069458767,-0.0207494490157,-0.019509751456,-0.0194032164359,-0.018792914566,-0.0212844550598,-0.019990925952,-0.0206408892592,-0.0188012667967,-0.0161062032053,-0.0224963263762,-0.0190924734933
V,0.0161790224075,0.00555055051581,0.0115434623332,0.0134002461198,0.00980946604172,0.00934400244347,0.00919427957999,0.0101577717903,0.00942366508104,0.0142677290376,0.0128195930451,0.0122780994108,0.016320841654,0.014348651866,0.00942807418919,0.0114321925822,0.0114559330104,0.0110198270167,0.0113053304362,0.0121901350506,0.0125905550483,0.0104612082335,0.0114768785008,0.0111950049848,0.0138327655799
W,-0.004926377635,-0.00466191998837,-0.00400405715806,-0.00315874348919,-0.00401503257241,-0.00464791802569,-0.00532813829519,-0.00459066012816,-0.00276753881835,-0.00380746169618,-0.0025353602973,-0.0035489915917,-0.00356414109183,-0.00350382578412,-0.00534998643665,-0.00364425290327,-0.00491163243374,-0.00472686235285,-0.00576647656386,-0.00607727820525,-0.00444073438734,-0.00335466701961,-0.00171817694141,-0.00252902954615,-0.00404698931348
Y,0.0190570403112,0.0213795347658,0.0195832200128,0.0148372497532,0.019656743808,0.0188917022938,0.0192888743966,0.0189235379881,0.0166901394964,0.0132871825487,0.0142467617078,0.0140987416817,0.011723372777,0.0156661126898,0.0219239161563,0.0169569604593,0.0130810093329,0.0177711742753,0.0177460769649,0.0158808848639,0.0181489848456,0.0169368523496,0.013425733513,0.0127344206745,0.0159807308077
