,iter0,iter1,iter2,iter3,iter4,iter5,iter6,iter7,iter8,iter9,iter10,iter11,iter12,iter13,iter14,iter15,iter16,iter17,iter18,iter19,iter20,iter21,iter22,iter23,iter24,iter25,iter26,iter27,iter28,iter29
A,0.00360894183305,0.00499236018152,0.00118386617104,0.00533875943614,0.00623865697162,0.00450098981115,0.00513181998172,0.00245719957859,0.00323642684577,0.0047302240673,0.00500482825191,0.00351728342901,0.00111732183635,0.00411142850401,0.00408959714175,0.00433734085687,0.00342047489368,0.00367445657124,0.00448899206687,0.00364503863976,0.00291239666786,0.00545703613481,0.00465402043503,0.00313391784429,0.00546551451022,0.00308020861502,0.00373989106115,0.00226158502968,0.0039547542956,0.00202735226292
C,-0.00802813724545,-0.00814925570703,-0.0071377374028,-0.00741627899052,-0.00894998832239,-0.00693407192938,-0.00856449084302,-0.00744912904401,-0.00747033918932,-0.00796382218323,-0.00815857624635,-0.00927838242889,-0.00838316460183,-0.00785369644804,-0.00810364490296,-0.00850253312123,-0.00838564205733,-0.00708011299234,-0.00920880590491,-0.00779338039049,-0.0069070923901,-0.00832486496001,-0.00790423310192,-0.00736663687211,-0.00808446830998,-0.00712084037629,-0.00854499882555,-0.00798305342743,-0.00832178090225,-0.00731585546944
D,-0.0214550363458,-0.0231830635954,-0.0210583951414,-0.022010289324,-0.0213455096526,-0.0221429391165,-0.0235626690435,-0.0211836979962,-0.0212602012428,-0.0221355877684,-0.0220855013854,-0.0212886646286,-0.0220637931685,-0.0219337035125,-0.02159969825,-0.0228526869408,-0.0218724287885,-0.0227642887666,-0.0220227735911,-0.0215699897569,-0.0210068850911,-0.0221815584688,-0.0234785658498,-0.0229216261088,-0.0236264907242,-0.0214193974475,-0.0216900102935,-0.023144087132,-0.0205693529793,-0.0218170858407
E,0.0156107454337,0.0137407633273,0.0139245050867,0.0131380430224,0.0123702326873,0.013029214036,0.0137686038202,0.0122466158512,0.0168452900861,0.0121842683098,0.0132579769271,0.0121590700781,0.0152991907729,0.0151841416716,0.0156903212998,0.0140797998402,0.00989094238683,0.01346116045,0.0129525662666,0.0129460535731,0.0132500125727,0.0148888501421,0.0137591404978,0.0144553977254,0.0131927935962,0.0159382626833,0.0143527118236,0.015880996538,0.0143862927355,0.0141331893519
F,-0.00211896595939,-0.00118607847979,-0.00252384874721,-0.00121331822417,-0.00290200233056,-0.00372351541507,-0.000888115582798,-0.00151131122557,-0.00310402626488,-0.000909540952336,-0.00239285665613,-0.00135171379347,0.000604065620987,-0.000527488712283,-0.0017947595036,-0.000695349991847,-0.0022948413108,-0.00300600531207,-0.00206643480853,-0.000125850785143,-0.000977458052685,-0.00172793865609,-0.000185887617566,-0.00153678947544,-0.00259461735217,-0.0015083794579,-0.00194953503124,-0.00130678178012,-0.00158233692199,-0.00112894457968
G,-0.00258278676257,-0.000128131072538,-0.00125998968686,0.000594770671739,0.00315919258917,2.54833514398e-05,-0.000275441765164,-0.00186126393213,-0.00216888298508,0.000184542809199,-0.00207497622906,-0.00140565762631,-0.00413687529191,-0.00226021986443,-0.00286677398069,-0.00170286778508,-0.000652441323053,-0.001192907729,8.03030597489e-05,-0.000132596347377,-0.00043474127494,-0.000653553080862,-0.000986231623408,-0.000699439562093,-0.00243047089552,-0.000308754209563,-0.00158406615304,-0.00232813974194,-0.00129499516356,-0.00269600038422
H,-0.00455963555997,-0.00438732679761,-0.00453139142744,-0.00483443388781,-0.00463989609539,-0.00522593682374,-0.00605958386262,-0.00510119102324,-0.00467885878232,-0.00467643701223,-0.00573630612624,-0.00488623379925,-0.00423037948173,-0.00436054114217,-0.00506736842167,-0.00512707022765,-0.00484446319995,-0.00534273475238,-0.00479950820073,-0.00429966634584,-0.00365717118577,-0.00506157035081,-0.00486507352059,-0.00385548262651,-0.00419469583386,-0.00365891687587,-0.00438499860627,-0.00431835928527,-0.00458113791074,-0.00478639584492
I,-0.00548597660137,-0.00532759598226,-0.00565849346294,-0.0066669913358,-0.0057218244623,-0.00466327285493,-0.00487443341332,-0.00555377401017,-0.0032428011933,-0.0046802153405,-0.00380564793963,-0.00487903694682,-0.00539188824513,-0.00626628820204,-0.00592486220834,-0.00601589186405,-0.00501785884994,-0.0055416192878,-0.00219984754417,-0.00485571868564,-0.00463994568502,-0.0067800667883,-0.00499493810483,-0.00483230802619,-0.00376208030299,-0.0067681282359,-0.00534250492939,-0.00424875283574,-0.00608291760407,-0.0064671655328
K,0.00814405738393,0.00262077205551,0.00510880322402,0.00507127865413,0.00348867652127,0.00419319843023,0.0044267448969,0.00330442441487,0.00392294927289,0.00381173070047,0.0042466383303,0.00326960459135,0.00611273232409,0.0055007843166,0.00602092993163,0.00511776900555,0.00230526633498,0.00443320003047,0.00415598758714,0.00476678746429,0.00567302342979,0.00392515288647,0.00437923659161,0.0042983833663,0.00660607670998,0.00393609156923,0.00540920337932,0.00657819770058,0.00540232557354,0.00423204709035
L,0.0254083218453,0.0263253922465,0.0257568311439,0.0272234008224,0.0238620304174,0.0258089477447,0.0274693333997,0.027192105752,0.025065932287,0.0282619725361,0.0256182947491,0.0271162164246,0.0306889061479,0.0274006601841,0.0253954868607,0.0278308262226,0.0278718883049,0.0252242045242,0.0272760473376,0.0279939595281,0.025778627174,0.0273212178035,0.0284622626917,0.0266942377256,0.0292533639045,0.0266545924288,0.0268844737313,0.0292280980085,0.0268205864774,0.0261143555396
M,-0.00910085526352,-0.00894471936818,-0.00862135128299,-0.00842482561224,-0.00969905217155,-0.00864230863514,-0.00817837499578,-0.0087438947677,-0.00898640330052,-0.00900605626484,-0.00925156295182,-0.00826867484599,-0.00880190583186,-0.00918050940906,-0.0078668120388,-0.00915188454637,-0.00934828074266,-0.00900999176695,-0.00874990298149,-0.00780335589705,-0.00983662371165,-0.00914802203025,-0.00953027357861,-0.00864460859444,-0.00790715138683,-0.00939113156457,-0.00874640582014,-0.0102427875005,-0.00878976292195,-0.00919044745697
N,-0.0188599849121,-0.019073500284,-0.0188177962519,-0.0209365827104,-0.0197453276924,-0.0192862498863,-0.0201379465765,-0.0193823099632,-0.0216061337818,-0.0194825771972,-0.0180043201309,-0.0183402094057,-0.019817986144,-0.0197712286236,-0.0197440932471,-0.0182219443778,-0.0176256875557,-0.017874426964,-0.0182800274807,-0.0198996101639,-0.0194588423701,-0.0203561760048,-0.0209774734145,-0.018499356661,-0.0180291861965,-0.0191886095732,-0.0174331308572,-0.0199470613196,-0.0199082038907,-0.0189119713712
P,0.00566909251154,0.00763456738629,0.00733859175004,0.00719532285852,0.00775492819315,0.00731543480427,0.006799248408,0.00694344212015,0.00798817933835,0.00788554151355,0.00669598020165,0.00676747353577,0.00643063994634,0.00748718012604,0.00741297606935,0.00578080548879,0.00658064907376,0.00639518023756,0.0054327447892,0.00723141506681,0.00710569648016,0.00877301432101,0.00818235735956,0.00637401955915,0.00577747518394,0.00687662893583,0.00578480555204,0.00665310053969,0.00751437010716,0.00759034646532
Q,-0.0138442117184,-0.0134063937353,-0.014231763846,-0.013726906738,-0.0145920951206,-0.0136332937759,-0.0143368119575,-0.0134597736458,-0.0136701230256,-0.0140141423455,-0.0134268227158,-0.012814851445,-0.0126890272587,-0.0134677501754,-0.0130885414433,-0.0136027302312,-0.0134376669534,-0.0134619697564,-0.0141547372417,-0.0145561570598,-0.0146262383553,-0.0142358930067,-0.0142288401373,-0.014386771124,-0.0140469765558,-0.0136007314975,-0.0138098773877,-0.0137899805732,-0.013998284303,-0.0134926134088
R,0.0253810276037,0.0220562648713,0.0236956951298,0.0231684069388,0.0235813603304,0.0232418229139,0.0243512890001,0.0241504308912,0.0260000838327,0.0227048505946,0.022963289565,0.0232832707994,0.0252005920973,0.0262463748361,0.024587733944,0.0238495197501,0.0220935231281,0.0229730708173,0.0213891650404,0.0228095860661,0.0227179932265,0.0236914246013,0.0237459509915,0.0249837404586,0.0234748667689,0.0238193153032,0.0223902125614,0.0245912418319,0.0248405581646,0.0247632037892
S,-0.0184680264625,-0.0186052647399,-0.019384803534,-0.0188506147763,-0.0183975504988,-0.0202803462557,-0.0185083307018,-0.0175328112091,-0.0184518327885,-0.019053470946,-0.0182737285289,-0.0201085616282,-0.0180851933242,-0.0212076132216,-0.0202117590773,-0.0169962262225,-0.0168352119467,-0.0191335914006,-0.0173459915958,-0.0204376845659,-0.0181887272089,-0.0199952202129,-0.0193112830149,-0.0208418231482,-0.0189078780846,-0.0196967324696,-0.0178590089734,-0.0184531496528,-0.0193540700614,-0.017287684169
T,-0.0187182135685,-0.0165891838925,-0.0170836965311,-0.0180729870802,-0.0159724992005,-0.016049583662,-0.0180276062069,-0.0165842609743,-0.0178724606715,-0.018913291918,-0.0153387557165,-0.0162950723954,-0.0186100953792,-0.0188678027054,-0.0182726907452,-0.0189275724967,-0.014457283182,-0.0151801375644,-0.0166925434238,-0.0191421397609,-0.0179801122195,-0.017317351131,-0.0173307968426,-0.0181354618939,-0.0192351924327,-0.0182397076261,-0.0164683080115,-0.0185442052529,-0.0186410651417,-0.017447508029
V,0.0226290987148,0.0245148632806,0.0245907335617,0.0251306201056,0.025477739052,0.0254773010599,0.024681789372,0.0255751221688,0.0243817787586,0.0240017205579,0.0253902292952,0.0237646667373,0.0209889014926,0.0236124493362,0.0246152938629,0.0238043987046,0.0241020051174,0.0269503292617,0.0243022094903,0.0249099682709,0.0225218172069,0.0249484670481,0.0248017035275,0.0245373130165,0.0239202985354,0.0246074068822,0.0232777449182,0.0233427260586,0.0243172806574,0.023819994115
W,0.00432339240509,0.00495589078038,0.00606101649577,0.00496178077935,0.00504267022124,0.00532108687661,0.00538432259811,0.00516836767645,0.00394173920057,0.00524254577204,0.00484370342064,0.00557614831618,0.00509155658502,0.00460191425767,0.00545183342025,0.00515282246306,0.0057208246906,0.00463632035656,0.00453066082101,0.00511131646248,0.00535475279057,0.0050766511117,0.00493925417674,0.00502588457505,0.00512320987986,0.00440554085054,0.00482389363266,0.00490372345332,0.00481517514978,0.00501960011493
Y,0.0124515391494,0.0121513868417,0.0126570859942,0.0103227643267,0.0109965910283,0.0116715036306,0.0114187450005,0.011327847328,0.0111277555238,0.0118309355991,0.0105335164525,0.0134655169808,0.0106825932571,0.0115551650348,0.0112789313573,0.0119216143089,0.0127944441438,0.01184141711,0.0109018259054,0.0112959455796,0.0124183422089,0.0117034657797,0.0108625882996,0.0122181062602,0.0100048410095,0.0116003602414,0.0111708710799,0.0108739111746,0.0110713403955,0.0128449287534
