,iter0,iter1,iter2,iter3,iter4,iter5,iter6,iter7,iter8,iter9,iter10,iter11,iter12,iter13,iter14,iter15,iter16,iter17,iter18,iter19,iter20,iter21,iter22,iter23,iter24
A,-0.0495260018811,-0.0449913997822,-0.0563049961175,-0.0486282105525,-0.0453176670395,-0.0540807545779,-0.0668788472829,-0.0454133861399,-0.0524050086704,-0.0655734573721,-0.0452504732391,-0.0729135083076,-0.054450205794,-0.0474086417205,-0.057303697602,-0.0431918902288,-0.0605851900993,-0.0371704717107,-0.046705292744,-0.0508342846141,-0.0482622906628,-0.0634782392136,-0.0647243612863,-0.049418616955,-0.0580511326842
C,0.00346527859799,0.00166830323975,0.00341575969975,0.00367050435169,0.00738234327195,0.00553881781709,0.00305242483968,0.00224447809314,0.00110016899629,0.00426193721635,0.00286521782116,0.00211943553794,0.00225143608177,0.0049513947912,0.00497784959425,0.00173965238488,0.00342546847471,0.00382843829978,0.00217826809864,0.00524217339046,0.00260308952849,0.00158949122434,0.00708008564311,0.00396209559772,0.0045124016395
D,-0.0180571621085,-0.0225627896123,-0.0168725134251,-0.0119076642141,-0.0169254814834,-0.0184011096748,-0.0181725906252,-0.0161080200427,-0.0265196159265,-0.0160827712267,-0.0154313978905,-0.0192904045449,-0.0194611191787,-0.0191585335223,-0.0130692522475,-0.017381585935,-0.0143728083274,-0.0161319049442,-0.0186178897916,-0.0206215409954,-0.0220376851044,-0.0172511120536,-0.0234656626178,-0.0179227988582,-0.0148576198066
E,0.0271945130137,0.0366553425193,0.0384775953359,0.0338497305985,0.0320602955804,0.0389614395154,0.0336401991856,0.0322489905314,0.0378490076886,0.0293615688748,0.0300698906021,0.0376832766901,0.0384913104491,0.033694487826,0.024913771157,0.0350609387775,0.0300133577658,0.0340937998199,0.035903984747,0.0391125088433,0.0342705990123,0.0418948996327,0.0347153165866,0.0313777278347,0.0392209308847
F,0.0114887625729,0.00639761992966,0.005640568454,0.00742889372512,0.00496104256146,0.00830134596102,0.0150388798242,0.00689219906835,0.0123853296126,0.012229768816,0.007734405937,0.0168923816243,0.0112440818732,0.00683562187132,0.0114276060162,0.00711211167861,0.0143321263832,0.00293023540086,0.00575712742674,0.00766928276345,0.00822921840778,0.013231133228,0.0151319140238,0.0120140077316,0.00841946012665
G,-0.0206187160966,-0.0151598494961,-0.0218885517058,-0.0206381329587,-0.0167128018223,-0.0208653507125,-0.0289568798315,-0.0170020921976,-0.0193879231821,-0.0289996862836,-0.0169467150839,-0.0274426957759,-0.0217434989774,-0.0160481656899,-0.0278176904843,-0.0171156991825,-0.0258351518749,-0.0099743616903,-0.015850223883,-0.0212318344591,-0.0179581883059,-0.0212554711781,-0.0296516405296,-0.0197456723156,-0.0222937100034
H,-0.00555448289595,-0.00424296282284,-0.00413944881294,-0.00457646712963,-0.0028871789312,-0.00438604896559,-0.00632812719801,-0.00521641741441,-0.00700913730378,-0.00580683004201,-0.00376422098095,-0.0067861319802,-0.00505594285268,-0.00271198377279,-0.00480131417074,-0.00271632522367,-0.00742670931866,-0.00293810757084,-0.0032313724917,-0.00384324466083,-0.00350707505293,-0.00656927765213,-0.0037800215401,-0.00350197207452,-0.00509188587997
I,0.0301943347309,0.0270853999424,0.0326559472531,0.0269165480991,0.0290780232829,0.0299335970282,0.0457171000443,0.0281685225492,0.0267860188973,0.0427450529208,0.0298122245437,0.0460855968636,0.0327393330043,0.021455049522,0.035485091423,0.0289528723608,0.0407935714456,0.0165659437927,0.0293519071466,0.0311200226881,0.0240311232596,0.0383866773371,0.042151727381,0.0317202896744,0.027841500491
K,0.0333509673567,0.0274950706209,0.0367106660035,0.0408435137475,0.0399514835959,0.0455505881788,0.0636893409678,0.030540091114,0.0406809727354,0.0581783871744,0.0299091080243,0.0637338809996,0.0483666049927,0.0314211703175,0.0477560523543,0.0429000117947,0.0508446892941,0.0108858346146,0.025790687285,0.0432035770657,0.0361075464352,0.0489259655965,0.0551161321934,0.0403690997319,0.0398944384209
L,0.0166597660695,0.0240580921851,0.0141803117814,0.00261320733006,0.00571251213327,0.011005117497,0.00634360082247,0.0127241392483,0.0253027333871,0.00176970123751,0.0135163849208,0.0116904373952,0.0120211594439,0.01451751095,0.00469995928662,0.00372556985898,0.0139433160033,0.013531091672,0.0185211316423,0.0106603526237,0.0165549905292,0.00786797249845,0.0115919871816,0.00818140522554,0.00876567530561
M,-0.00787420189391,-0.00665522228308,-0.00602764199378,-0.00374562982658,-0.000846680001357,-0.00350620286462,-0.00568516230086,-0.00435690807979,-0.00720913468718,-0.00449017138055,-0.00377749900822,-0.00525371810151,-0.00513961158966,-0.00243468449529,-0.00391367324172,-0.00198300992719,-0.00646184298264,-0.00546279061858,-0.00905410449598,-0.00531211659434,-0.00611060888747,-0.00469757651877,-0.00530466363952,-0.00378317693918,-0.00721317045911
N,-0.000501641232369,-0.00622374328193,4.0512186976e-05,-0.00148418531386,-0.00892662306356,-0.00278825671264,0.0137712857277,-0.00474494147028,-0.00427272067686,0.0123329900872,-0.00647536719729,0.010568128934,-0.00338867908804,-0.00741117832839,0.0107529722505,-0.00252421022911,0.00656699922136,-0.0114532613247,-0.00340810977492,-0.00271376553731,-0.00417231668433,0.00277720541932,0.00155289953907,-0.00207716570542,0.0021680718709
P,0.00335055465566,0.00461675487245,0.00104449798702,-8.4008120417e-05,0.00408591043781,0.00120883962404,-0.00651123076163,0.00315159713629,0.00336441630658,-0.00703575572368,0.00297873424084,-0.00636241126894,0.00132761244376,0.00417540934714,-0.00138712405397,-1.74729970885e-05,-0.00516177887398,0.0102733202394,0.00226997514248,0.00183439900797,0.00499880600085,-0.00327455866743,-0.00159843206966,0.000336364422923,0.00214815632502
Q,-0.015527743578,-0.0158915144063,-0.0158058654576,-0.0132991964975,-0.0140320836624,-0.0143380808193,-0.0166526820026,-0.013271878806,-0.0179395875116,-0.0115998925904,-0.0170298872335,-0.0185097555903,-0.017820843965,-0.0139840669466,-0.0110610698652,-0.0134192975147,-0.0168366604026,-0.014677437381,-0.0136157455743,-0.013099213922,-0.0117578003473,-0.0210702907301,-0.0141132408992,-0.0155268983801,-0.0134322639578
R,0.00759130652054,0.0169465124071,0.00782740113086,0.00373851156755,0.00601997526535,0.0024980336916,-0.0118033781649,0.0081019913529,0.00699166193045,-0.00957726874307,0.0120965233204,-0.0114999785857,-0.00181338274933,0.00923881751686,-0.00345746675556,-0.000778535442218,-0.0038626828129,0.0241592062471,0.0170842028765,0.00536840062219,0.00925862444532,-0.00149612992237,-0.00467767331223,-0.000199728629812,0.00478988291469
S,-0.0171516957223,-0.0233541790572,-0.0180199753307,-0.0197996022762,-0.0239282547225,-0.0204716511521,-0.014175553831,-0.0210334593612,-0.0217425044405,-0.0123732526436,-0.0200186528349,-0.0155775834137,-0.0171173987999,-0.0198720948758,-0.0152705911006,-0.0199831818576,-0.0131732199007,-0.0255614534507,-0.0209315548612,-0.0204287266655,-0.0208535129295,-0.0159076862629,-0.0124124045054,-0.0190277430385,-0.0207352898263
T,-0.0229440346342,-0.024998904479,-0.0248718565679,-0.0206723064507,-0.0226013491197,-0.0253596225423,-0.0236899593441,-0.0223376523385,-0.024609279614,-0.0203828955808,-0.0238574720771,-0.0286846115442,-0.0235267156712,-0.0241788980354,-0.0192844435896,-0.020361247279,-0.0264308356997,-0.0217825661817,-0.0257120550926,-0.0227158645484,-0.0261464756783,-0.0251802626191,-0.0247638037769,-0.0213228343508,-0.0216311009661
V,0.00244555214044,0.00327739411133,0.00447213390447,0.00741567842437,0.00680183962237,0.00342827253886,-0.00373046028757,0.00618013667521,0.00539111988846,0.00195723856884,0.00592551810532,-0.00163067570369,0.00662441751236,0.00913040349096,-0.00274928449598,0.00672778780641,-0.000381609852885,0.0116928923276,0.00531312827235,0.0025765645036,0.00668637010041,0.00561150650152,-0.000832773406101,0.00695114067851,0.00540038023351
W,0.00157777923778,-2.7207917733e-05,0.000385257265608,9.66607122214e-05,-0.000811283731642,3.4137837031e-05,-0.00202894254075,0.000884195591689,0.00186128123507,-0.00131525454095,0.000926460358161,-0.000823403136775,-2.0544493424e-05,0.000847096778307,-0.00070647299248,-0.00180358305776,-0.000962149258193,0.00219974910687,0.000219244458596,-0.00151638319301,0.000482114935816,-0.000374460953802,-0.00106372669061,-0.00020122783497,0.000156114197699
Y,0.0204310929078,0.0159232249032,0.019077619377,0.0182587353235,0.0169342754754,0.0177502674629,0.02336762013,0.0183505533675,0.0194022986508,0.02042259132,0.016753298811,0.0260195303488,0.0164871226168,0.0169479937999,0.0208246076649,0.0150866826046,0.0215728862379,0.0149915276787,0.0147303552867,0.0155399755225,0.01758340858,0.0202739599467,0.0190601478511,0.0178243761595,0.0199825885066
